game
0     6     0
3     4     10
4     6     8
6     1     8
7     4     7
8     3     9
9     6     6
10     5     12
11     3     8
12     2     9
13     3     8
14     3     8
15     6     5
16     1     9
17     6     9
18     1     8
19     1     8
20     6     8
21     4     9
22     1     11
23     6     8
24     2     9
25     1     7
26     2     6
27     4     7
28     5     9
29     5     8
30     6     4
31     6     6
32     3     8
33     3     7
34     5     8
35     6     6
36     1     6
37     4     9
38     4     7
39     1     7
40     1     9
41     2     7
43     2     8
44     1     11
45     6     7
46     1     9
48     6     8
49     6     8
50     3     7
51     6     7
52     5     5
53     1     9
54     1     5
55     6     6
57     6     4
58     6     8
59     1     9
61     4     8
62     1     9
63     3     10
65     3     7
66     6     8
67     2     6
68     1     12
70     5     6
71     6     9
72     6     7
73     4     7
74     4     6
75     5     7
76     3     9
77     5     6
78     4     9
79     2     6
80     2     11
81     1     11
82     1     9
83     1     10
84     5     5
85     6     10
86     1     10
87     2     7
88     2     10
89     6     5
90     2     10
91     6     4
92     6     8
94     6     6
95     5     8
96     5     8
97     5     9
98     1     9
99     2     9
100     6     5
101     1     11
102     6     4
103     4     8
104     5     8
105     2     10
107     5     8
108     5     8
109     6     5
110     3     10
111     5     11
113     3     7
115     3     7
116     5     11
117     6     6
118     5     9
119     4     7
120     6     5
121     1     9
123     4     9
124     4     7
125     5     6
128     2     9
130     4     7
131     2     9
132     4     6
133     4     10
134     6     7
135     5     11
136     2     5
137     3     4
138     4     9
139     6     8
140     4     7
141     6     2
143     1     9
146     6     6
147     3     7
149     4     10
150     6     11
152     1     10
153     4     7
155     3     9
156     1     10
157     6     6
158     3     9
159     2     8
160     4     6
162     6     7
164     6     9
165     5     4
166     6     2
167     2     11
168     4     7
169     4     5
170     6     6
171     5     8
172     3     8
173     6     4
174     6     8
175     6     3
177     2     10
178     3     8
179     4     9
181     1     10
183     3     9
184     1     11
185     1     12
186     1     11
187     3     10
188     6     6
189     1     8
190     3     9
191     6     11
192     1     10
193     3     7
194     3     5
195     4     10
196     2     10
197     5     11
198     3     10
199     1     7
200     2     11
201     6     6
203     6     7
204     1     10
205     5     8
207     6     7
208     6     11
209     6     6
210     6     6
211     1     7
212     6     3
213     4     9
214     6     9
216     6     5
218     2     8
219     3     7
220     3     5
221     3     8
222     2     8
223     3     10
224     6     10
225     6     1
226     4     8
227     1     9
230     4     8
231     4     9
232     2     7
233     3     9
236     2     10
238     1     12
239     6     7
240     6     3
241     2     9
242     6     7
243     1     9
244     4     11
247     2     3
248     3     9
249     1     9
250     4     8
251     5     8
252     1     10
253     2     9
255     6     11
256     1     9
257     4     9
258     6     6
259     1     8
260     2     6
262     6     7
263     5     6
264     2     9
265     3     10
266     5     7
267     5     9
268     2     7
269     5     10
270     1     12
271     4     8
272     3     9
273     2     12
274     4     8
275     1     11
276     2     6
278     1     11
279     6     4
280     2     9
281     6     8
282     5     8
283     3     8
285     6     10
286     5     9
287     6     9
288     2     9
289     3     6
290     3     9
291     1     10
292     6     5
293     1     12
294     6     9
295     3     13
296     5     8
297     5     7
298     2     5
299     4     8
0    6    0
1    5    11
2    6    11
3    4    7
4    6    7
5    1    13
6    6    9
7    4    7
8    6    6
9    6    8
10    2    9
11    2    8
12    6    8
13    4    10
14    6    9
15    2    7
17    6    10
18    2    12
19    1    7
20    6    7
21    6    8
22    1    13
23    3    7
24    2    6
25    5    5
26    6    7
27    6    6
28    3    10
29    5    9
30    4    9
31    1    9
33    3    8
34    3    7
35    1    11
36    3    12
37    5    8
38    3    7
39    3    9
41    6    9
43    1    9
44    6    6
45    5    8
47    1    6
48    4    8
49    2    4
50    3    9
51    2    8
52    4    13
54    2    10
55    1    11
57    6    10
58    3    11
59    3    7
60    4    12
61    1    9
62    3    11
64    6    9
65    2    8
66    5    6
67    3    9
68    6    5
69    4    13
71    1    11
72    4    10
73    3    9
74    6    8
75    3    6
76    5    8
77    1    9
78    1    9
79    5    9
80    2    10
81    5    7
83    1    8
85    3    7
87    4    9
88    6    6
89    1    12
90    2    8
91    6    5
92    5    10
93    1    11
94    5    8
95    1    7
97    6    2
98    4    10
99    3    13
100    6    10
101    1    8
103    3    8
104    6    7
105    6    10
106    5    5
107    1    11
109    6    11
110    1    9
111    3    11
112    6    6
113    3    5
114    6    7
116    2    10
117    1    8
118    2    12
119    4    11
120    1    12
121    1    10
122    2    12
123    1    10
124    4    10
125    5    9
126    6    5
127    1    10
128    2    9
129    6    8
130    6    3
131    4    11
132    5    10
133    6    1
134    6    7
135    2    9
136    1    4
137    3    6
138    6    8
139    2    10
140    2    12
141    2    11
142    3    12
143    6    10
144    2    10
145    6    9
147    1    7
148    3    7
149    6    7
150    1    7
151    6    7
152    1    9
153    5    10
154    6    7
155    5    6
156    2    6
157    6    9
159    6    6
160    3    12
162    5    8
163    6    4
164    2    11
166    1    14
167    6    7
169    1    11
171    3    13
173    1    10
174    1    10
175    3    9
176    2    9
177    1    10
178    2    10
180    6    9
181    5    5
182    2    6
183    5    6
185    5    8
186    5    5
187    2    9
188    5    10
189    4    9
190    1    9
192    2    4
193    1    9
194    4    8
195    5    8
196    6    9
197    3    8
198    1    8
199    2    11
200    4    9
201    5    9
203    6    6
204    1    13
205    5    7
206    1    10
207    4    9
209    6    9
210    5    9
211    5    10
212    3    10
213    4    6
215    6    3
216    2    10
218    6    6
221    3    9
222    2    8
224    5    11
225    3    9
226    6    9
227    6    8
228    5    9
230    2    8
231    1    11
232    5    5
233    6    8
234    6    4
235    6    3
236    3    8
237    4    10
238    3    9
240    1    8
241    4    3
242    6    5
243    2    9
244    6    8
245    1    10
246    3    10
247    4    8
249    2    14
250    4    12
251    6    7
252    5    7
253    1    10
254    3    11
255    2    10
256    6    7
257    3    10
258    6    9
261    2    10
262    4    8
263    2    10
264    3    12
265    1    8
267    2    7
268    5    11
269    3    7
270    5    8
271    6    7
273    2    9
274    6    5
275    6    13
276    6    4
277    6    5
278    5    7
279    3    9
280    3    11
282    3    11
283    2    13
284    3    8
285    6    7
287    5    8
289    4    9
290    4    7
291    1    9
293    5    10
294    3    9
295    6    2
296    3    10
297    6    6
298    2    11
299    4    8
0    6    0
1    2    10
2    2    10
3    1    7
6    1    10
8    4    8
9    3    9
11    1    13
12    2    10
16    3    10
17    2    8
18    3    12
19    2    6
21    3    10
22    2    6
24    2    15
25    1    9
26    1    9
28    6    5
30    4    4
31    6    2
33    3    11
35    1    11
36    2    9
37    1    11
38    3    11
39    2    9
40    1    11
41    2    6
42    3    7
46    1    11
47    4    9
48    6    5
49    3    7
50    3    7
52    1    8
53    1    10
54    3    6
55    1    9
56    4    6
57    2    10
58    3    7
59    2    6
61    1    9
63    4    10
64    1    13
65    1    6
68    2    11
69    4    5
71    6    7
72    6    5
73    1    9
74    2    10
75    6    4
76    4    3
77    6    7
78    2    12
85    3    11
89    1    12
90    2    12
91    1    11
96    1    10
97    2    7
101    3    6
102    1    13
103    1    6
105    2    4
107    2    5
109    1    10
110    2    11
112    3    9
113    2    8
114    2    9
115    4    9
116    2    9
118    1    6
119    6    3
122    2    10
123    2    8
124    4    9
125    5    9
126    1    9
127    1    7
129    6    5
130    1    9
131    4    6
132    3    8
134    6    2
135    1    10
138    2    9
141    1    8
142    3    8
143    3    10
144    1    12
145    4    8
146    1    11
147    3    7
148    4    3
149    2    8
152    1    9
153    6    8
154    2    8
157    4    5
160    2    14
161    6    10
162    5    9
163    2    7
165    3    5
168    3    9
169    5    8
170    1    3
171    2    8
172    1    9
174    6    8
175    5    4
177    4    7
178    5    5
181    1    10
182    5    6
183    3    7
184    1    11
185    2    11
186    5    5
187    2    7
190    2    9
191    3    7
192    2    10
193    5    10
195    4    10
196    2    11
197    4    6
198    2    6
199    6    8
201    2    9
202    3    8
203    3    9
204    3    9
205    2    7
208    1    9
210    6    6
212    5    4
213    6    8
214    2    8
216    1    7
217    6    6
218    2    13
219    4    5
220    6    1
221    4    10
222    3    9
223    3    11
225    2    12
226    1    6
227    4    8
228    3    8
229    1    7
232    1    7
233    4    9
234    1    8
236    1    8
237    3    8
238    3    10
241    5    7
242    6    6
243    4    11
244    4    8
246    4    11
250    2    7
251    5    7
252    3    10
255    6    9
256    3    10
259    6    8
263    3    9
264    3    8
265    3    6
268    2    5
272    6    7
273    6    8
274    2    7
275    1    10
276    1    9
278    2    4
279    1    7
280    1    7
281    4    4
282    4    7
283    1    9
284    4    7
287    1    16
288    1    10
289    4    8
290    4    8
292    1    9
293    1    7
294    2    10
295    2    6
297    4    8
299    1    11
0    6    0
1    6    8
2    1    11
3    4    8
4    4    9
5    1    9
6    6    4
7    2    11
8    6    11
9    4    10
10    5    8
11    6    11
12    3    9
14    2    9
15    4    6
16    3    11
17    1    11
18    1    8
19    6    7
20    6    6
21    2    9
22    6    8
23    2    7
24    4    9
25    6    7
26    5    8
27    3    8
28    4    9
29    4    10
30    1    10
32    5    8
33    6    8
34    6    9
35    6    8
36    1    13
37    6    7
38    6    9
39    6    5
40    6    9
41    6    9
42    6    3
43    3    10
44    6    7
45    5    10
46    6    7
47    5    10
49    6    7
50    6    6
51    3    11
52    1    8
53    6    8
54    4    9
55    6    1
56    1    7
57    4    7
58    5    10
59    4    10
60    6    8
61    6    5
62    6    10
63    3    6
64    3    7
65    1    11
66    3    9
67    6    8
68    5    5
69    6    7
70    4    8
71    5    7
72    6    8
73    2    11
74    1    10
75    5    6
76    2    9
77    3    11
78    6    9
79    3    10
80    4    12
81    5    9
82    3    8
83    5    8
84    1    9
85    6    4
86    6    3
87    6    9
88    4    6
89    6    11
90    6    8
91    4    9
92    6    7
93    6    5
94    5    10
96    5    9
97    6    6
98    4    7
99    2    10
100    6    7
101    6    10
102    4    6
103    4    9
104    2    8
105    3    10
106    4    9
107    6    10
108    6    7
109    1    8
110    5    8
111    2    8
112    6    6
113    3    6
114    6    6
115    6    8
116    2    9
117    4    7
118    6    8
119    2    8
120    2    9
121    3    10
122    2    9
123    5    8
124    1    10
125    3    8
126    6    5
127    1    6
128    6    10
129    6    7
130    1    8
131    1    7
132    6    11
133    4    10
134    3    11
135    4    9
136    2    7
137    4    10
138    6    6
139    3    10
140    5    8
141    2    10
142    4    12
143    4    9
144    2    10
145    6    8
146    6    5
147    3    11
148    6    6
149    1    8
150    5    7
151    4    8
152    6    10
153    2    8
154    1    11
155    3    12
156    2    11
157    1    9
158    6    6
160    4    11
161    6    8
162    4    9
163    6    5
164    3    10
165    6    7
166    4    9
167    6    9
168    3    9
170    6    7
171    5    12
172    1    8
173    2    8
174    4    9
175    6    2
176    6    7
177    1    12
178    4    9
179    5    7
180    3    9
181    6    10
182    6    9
183    1    9
184    5    8
185    6    6
186    4    8
187    3    9
188    2    8
189    3    10
190    1    9
191    5    11
192    5    10
193    2    11
195    6    4
196    6    5
197    5    7
198    2    11
199    5    9
200    6    9
201    6    5
202    6    9
203    6    6
204    6    3
205    6    9
206    4    11
207    3    9
208    1    11
209    1    11
210    2    10
211    6    10
212    6    9
213    3    10
214    5    7
215    4    10
216    4    8
218    1    10
219    2    9
220    5    11
221    2    11
222    6    4
223    4    10
224    3    9
225    5    9
226    4    10
227    3    11
229    6    10
230    2    9
231    6    4
232    1    10
233    3    7
234    5    5
235    6    8
236    6    5
237    5    7
238    4    11
239    6    2
240    4    10
242    1    12
243    2    8
244    5    6
245    1    13
246    6    9
247    2    9
248    6    8
249    4    11
250    2    11
251    2    10
252    5    11
253    3    10
254    6    8
255    1    10
256    1    10
257    6    6
258    6    8
259    6    9
260    6    9
261    2    12
262    4    8
263    1    9
264    2    9
265    3    8
266    6    6
267    2    9
268    6    7
269    6    4
270    6    10
271    5    10
272    6    7
274    3    13
275    5    6
276    6    10
277    3    13
278    5    8
279    6    7
280    6    6
282    2    10
283    6    7
284    6    9
285    4    9
286    2    10
288    6    3
289    3    8
290    6    7
291    6    6
292    6    8
293    4    10
294    2    5
295    2    10
296    5    9
297    6    7
299    3    9
0    6    0
1    4    10
2    5    8
3    1    10
4    6    6
5    5    8
6    2    11
7    1    9
8    5    9
10    2    7
11    1    9
12    1    10
13    1    10
14    6    7
15    6    7
16    1    10
17    3    9
18    6    4
19    3    6
20    6    8
21    6    8
22    6    10
23    4    11
24    1    7
25    1    13
27    1    6
28    5    9
29    4    9
30    6    8
31    2    11
32    3    10
33    1    8
34    6    7
35    3    9
36    6    8
37    2    10
38    4    9
39    6    9
40    4    10
41    6    5
42    6    4
43    3    5
44    6    8
45    5    7
47    6    7
48    6    5
49    2    9
50    1    7
51    6    3
52    4    8
53    4    8
54    6    1
55    6    5
56    6    3
57    3    9
58    6    9
59    5    11
60    6    8
61    6    7
62    6    6
63    4    10
64    6    7
65    3    10
66    2    10
67    6    8
68    6    9
69    6    7
70    2    9
71    6    5
72    1    8
73    5    8
74    3    10
75    6    4
76    2    7
77    6    7
78    2    11
79    6    8
80    2    9
81    6    6
82    6    7
83    6    9
84    3    7
85    4    11
86    3    7
87    6    4
88    4    14
89    5    5
90    6    6
91    6    6
92    2    12
94    6    8
95    6    10
96    5    9
97    1    9
98    6    9
99    5    10
100    5    9
101    2    7
102    5    9
103    6    8
104    3    12
105    3    9
106    6    6
107    2    9
108    2    9
109    1    10
110    6    8
111    6    10
112    6    7
114    2    11
115    2    8
116    3    9
117    1    10
118    1    10
119    6    10
120    6    6
121    1    14
122    6    8
123    6    4
124    2    10
125    4    9
126    6    8
128    6    7
129    1    9
131    5    10
132    4    6
133    1    10
134    6    6
135    5    9
136    4    6
137    6    5
138    6    7
139    1    11
140    1    9
141    1    11
142    6    8
143    6    6
144    6    6
145    6    6
146    6    9
147    3    8
148    2    7
149    6    10
151    6    8
152    1    9
153    5    8
154    1    11
155    2    8
156    6    10
157    3    9
158    1    10
159    1    9
160    6    9
161    3    11
162    6    7
163    6    9
164    6    8
165    6    7
166    4    9
167    3    8
168    6    8
169    5    7
170    6    9
171    1    9
172    3    9
174    5    9
175    6    7
176    1    11
178    1    11
179    6    10
180    6    10
181    6    8
182    6    4
183    4    10
184    2    7
185    6    9
187    5    7
188    4    8
189    4    9
190    4    10
191    5    11
192    2    10
193    5    11
194    3    9
195    1    11
196    2    12
197    5    7
198    3    6
199    1    8
200    6    4
201    4    10
202    1    12
203    6    4
204    4    9
205    4    7
206    6    3
207    6    2
208    6    8
209    1    10
210    6    6
211    3    9
212    6    7
213    3    9
214    6    3
215    4    12
216    6    8
217    2    6
218    3    9
219    3    10
220    6    8
221    4    9
222    6    8
223    1    9
224    4    10
225    2    13
226    3    9
227    2    7
229    6    7
230    1    7
231    2    10
232    3    10
233    5    7
234    1    9
235    5    8
236    5    9
237    6    8
238    6    5
239    6    12
240    6    5
241    1    10
242    4    7
243    6    9
244    3    8
246    5    10
247    5    10
248    2    6
249    3    9
250    1    9
251    6    10
252    6    6
253    6    7
254    4    10
255    6    6
256    1    9
257    4    10
258    5    11
259    2    9
260    2    8
261    6    5
262    3    8
263    1    10
264    6    8
265    6    10
266    3    8
267    6    6
268    6    6
269    1    12
270    6    7
271    4    7
272    6    9
273    5    5
274    6    2
275    6    10
276    4    7
277    5    8
278    6    8
279    6    5
280    2    9
281    6    7
282    6    10
283    1    5
284    2    13
285    6    7
286    1    10
287    6    5
288    6    8
289    4    8
290    6    9
292    2    11
293    3    10
294    6    8
295    6    9
296    1    10
297    5    8
298    6    10
299    4    10
0    6    0
1    4    9
2    1    12
3    3    9
6    2    10
7    6    7
8    3    5
10    1    10
11    3    8  
14    1    7
15    6    7
16    6    5
17    3    7
18    2    10
19    1    7
20    6    6
21    6    9
22    2    12
23    5    5
24    5    7
25    1    11
27    6    11
28    4    4
30    6    8
33    3    10
34    4    5
37    6    8
40    1    8
42    6    7
43    3    7
44    6    6
45    4    8
46    2    6
47    2    10
49    4    4
50    5    9
51    3    8
52    1    7
53    6    9
54    6    8
55    1    10
56    2    5
58    1    8
59    2    8
60    2    10
61    6    5
63    6    7
65    5    10
66    6    5
67    2    11
68    3    6
69    3    9
70    4    6
71    2    5
72    4    10
74    1    6
75    4    9
76    1    7
77    1    11
78    2    10
79    6    8
80    6    5
81    6    2
82    6    7
83    4    7
84    6    6
85    3    11
86    4    8
87    6    6
88    4    7
90    2    6
91    2    9
92    2    10
93    2    9
95    5    3
96    1    12
97    5    3
98    1    9
99    2    9
100    2    7
101    3    6
102    1    11
103    1    7
104    1    9
106    3    9
107    1    13
108    1    10
109    3    9
110    2    9
111    1    8
112    1    10
113    2    8
116    6    9
118    6    7
119    3    8
120    6    4
121    3    7
122    3    6
123    6    10
124    1    11
125    5    6
126    1    10
127    5    4
129    4    9
130    6    6
131    3    9
132    2    8
133    5    7
135    1    8
136    5    8
137    3    7
139    4    10
141    2    12
144    2    7
146    6    6
147    3    8
150    4    7
151    1    10
152    3    10
153    3    8
155    2    10
156    1    12
157    3    9
159    4    10
160    6    8
161    2    10
162    1    7
163    1    8
164    2    10
165    4    5
166    1    11
168    6    7
169    1    13
170    1    8
171    2    10
172    6    7
174    2    9
176    6    4
180    2    10
181    6    9
182    6    7
183    4    6
184    6    5
186    3    4
187    5    4
188    6    9
189    5    7
190    3    8
191    4    9
193    6    9
195    4    11
197    5    5
198    6    2
199    4    12
200    5    7
202    3    8
203    4    9
204    6    7
205    2    8
206    4    9
207    5    9
208    1    10
209    1    10
210    3    9
211    4    10
212    5    8
213    4    6
214    4    8
215    1    8
216    5    7
218    5    5
220    4    7
221    5    7
222    4    5
223    6    3
224    1    10
225    3    10
226    3    7
227    4    4
228    2    10
229    3    9
231    2    12
232    1    9
233    4    9
234    3    7
235    5    8
236    1    11
237    1    10
239    4    8
240    3    6
241    2    9
242    6    6
243    5    8
244    2    10
246    5    10
247    6    3
248    2    7
249    2    7
250    1    11
251    1    7
252    1    12
253    6    1
254    5    10
255    2    9
256    3    9
258    3    9
262    5    6
263    3    6
264    2    10
265    4    10
266    1    10
267    6    6
268    6    8
270    2    9
271    2    7
272    4    8
273    6    8
274    3    6
275    1    10
276    5    9
277    1    11
278    2    8
279    6    5
280    2    5
283    3    11
286    2    7
287    4    8
288    4    8
289    3    9
290    3    6
291    6    7
293    2    6
294    1    7
295    4    6
296    3    8
297    4    10
298    1    12
299    5    9
0    6    0
1    6    10
2    3    8
3    2    11
4    6    7
5    1    8
6    3    10
7    6    12
8    1    12
10    6    10
11    6    6
12    6    9
13    4    9
14    2    9
15    1    10
16    3    9
17    6    8
18    6    6
19    6    2
20    6    10
21    6    5
22    5    7
23    3    9
24    4    10
25    6    3
26    3    11
27    5    9
28    6    8
29    6    11
30    3    8
31    1    10
33    2    12
34    6    7
35    1    8
36    1    11
37    6    10
38    1    13
39    6    3
40    6    1
41    2    9
42    4    7
43    6    3
44    5    8
45    4    7
46    3    10
47    5    8
48    5    7
49    3    10
50    2    12
51    6    10
52    4    6
53    6    4
54    4    10
55    6    9
56    5    10
57    2    9
58    6    8
59    6    6
60    6    8
61    1    9
62    6    8
63    6    10
64    3    9
65    6    10
66    6    5
67    2    12
68    3    11
69    5    10
70    1    12
71    6    10
72    5    5
73    6    5
74    1    9
75    3    8
77    3    7
78    6    4
79    6    7
80    4    7
81    6    5
82    4    10
83    5    9
85    2    8
86    4    10
87    2    12
88    2    10
89    4    7
90    2    5
91    2    6
92    5    7
93    1    11
94    6    7
95    3    10
96    3    8
97    5    11
98    4    7
99    1    10
100    4    9
101    6    6
102    6    7
103    1    9
104    6    10
105    1    8
106    3    7
107    3    8
108    6    2
109    5    9
110    6    6
111    5    10
112    4    9
113    4    10
114    6    6
115    6    8
116    6    12
117    6    10
118    5    8
119    1    12
120    6    9
121    3    9
122    4    9
123    6    7
124    2    11
125    6    5
126    4    8
127    5    6
128    6    4
129    6    9
130    6    6
131    4    8
132    4    9
133    2    12
134    6    8
135    6    11
136    3    8
137    4    8
139    6    7
140    2    8
141    6    9
142    6    7
143    5    8
144    6    6
145    4    12
146    5    9
147    6    5
148    4    7
149    6    8
150    2    7
151    4    10
152    6    4
153    6    7
154    1    8
155    6    10
156    6    3
157    3    10
158    6    7
159    6    9
160    6    7
161    6    7
162    1    8
163    5    9
164    6    10
165    3    11
166    6    5
167    6    8
168    5    6
169    2    6
171    5    7
172    6    7
173    4    9
174    4    7
175    1    10
177    3    8
178    1    8
179    3    10
180    6    8
181    6    10
182    5    9
183    4    6
184    6    6
185    5    9
186    1    11
187    5    9
188    6    5
189    3    7
190    3    10
191    2    7
192    6    8
193    5    6
194    3    9
195    3    7
196    4    8
197    6    8
198    5    9
199    2    9
200    6    4
201    1    10
202    3    8
203    6    4
204    4    8
205    2    12
206    4    9
208    2    7
209    6    6
210    6    8
211    1    10
212    6    6
213    6    7
214    5    9
215    4    5
216    6    6
217    2    10
218    2    9
219    5    9
220    6    5
221    2    10
222    4    9
223    5    6
224    6    10
225    3    8
226    5    7
227    3    14
228    5    9
230    4    8
231    2    8
232    4    8
233    6    8
234    6    8
235    2    6
236    4    8
237    6    8
238    3    9
239    2    13
240    6    9
241    6    6
242    3    7
243    1    8
244    1    10
245    6    11
246    6    7
247    4    7
248    6    8
249    6    7
250    3    8
251    5    10
252    2    7
253    1    11
254    2    10
255    3    10
256    6    6
257    6    7
258    6    9
259    3    9
260    3    14
261    6    4
262    6    8
263    5    6
265    6    8
266    6    10
267    6    6
268    6    5
269    4    9
270    6    8
271    4    11
272    6    8
273    2    8
274    6    9
275    1    10
276    3    10
277    1    9
278    5    12 
281    6    4
282    4    7
283    3    9
284    6    8
285    6    5
286    3    8
287    2    8
288    1    13
289    2    9
290    6    8
291    4    10
292    3    11
293    1    10
294    5    9
295    1    10
296    1    9
297    6    9
298    1    12
299    4    9