Large Uni Outlayer for Beta_Discrete
% Below are two data sets of which beta(discrete) behaves wierdly. 


gameSeven
299   1   0
298   2   0
296   4   0
292   8   0
284   16   0
268   32   0
242   58   0
199   100   1
141   149   10
91   181   28
54   186   60
38   166   96
31   119   150
29   63   208
27   37   236
26   24   250
26   13   261
25   8   267
25   2   273
24   2   274
24   0   276

gameThirteen
299     1     0
298     2     0
296     4     0
292     8     0
286     14     0
275     25     0
252     46     2
219     74     7
178     100     22
130     137     33
89     152     59
69     131     100
45     114     141
30     101     169
27     54     219
25     22     253
25     10     265
25     6     269
24     3     273
24     1     275
23     2     275
23     0     277