game
299   1   0
298   2   0
296   4   0
292   8   0
284   16   0
268   32   0
243   55   2
204   86   10
153   125   22
104   159   37
69   162   69
47   140   113
37   103   160
29   71   200
26   39   235
24   18   258
24   7   269
23   5   272
23   2   275
23   0   277      


game
299   1   0
298   2   0
296   4   0
292   8   0
284   16   0
269   31   0
247   50   3
212   79   9
172   103   25
122   141   37
89   136   75
65   114   121
51   85   164
47   53   200
43   33   224
41   14   245
41   6   253
41   3   256
41   1   258
41   0   259   

                    


game
299   1   0
298   2   0
296   4   0
293   7   0
286   14   0
273   27   0
249   50   1
214   81   5
171   115   14
125   146   29
78   169   53
51   157   92
38   132   130
30   93   177
27   58   215
26   28   246
26   9   265
26   5   269
26   1   273
26   0   274


game
299   1   0
298   2   0
296   4   0
292   8   0
285   15   0
270   30   0
242   57   1
202   96   2
144   149   7
87   196   17
43   219   38
22   212   66
12   180   108
6   141   153
6   84   210
6   37   257
6   13   281
6   5   289
6   2   292
6   0   294
         



game
299   1   0
298   2   0
296   4   0
292   8   0
284   16   0
270   30   0
247   52   1
212   84   4
159   131   10
98   166   36
63   163   74
40   138   122
32   96   172
32   61   207
31   34   235
30   14   256
30   2   268
30   0   270


game
299   1   0
298   2   0
296   4   0
292   8   0
285   15   0
271   29   0
247   52   1
207   89   4
155   135   10
100   173   27
62   191   47
35   180   85
17   167   116
16   118   166
15   74   211
14   38   248
14   17   269
14   8   278
14   3   283
14   1   285
14   0   286
             


game
299   1   0
298   2   0
296   4   0
292   8   0
285   15   0
272   27   1
250   47   3
211   85   4
162   119   19
119   134   47
92   130   78
71   113   116
62   76   162
56   50   194
54   21   225
53   9   238
53   4   243
53   1   246
53   0   247

game
299     1     0
298     2     0
296     4     0
293     7     0
286     14     0
273     27     0
249     49     2
219     73     8
181     95     24
143     114     43
108     124     68
93     101     106
88     60     152
86     35     179
85     7     208
85     1     214
85     1     214
85     0     215

game
299     1     0
298     2     0
296     4     0
292     8     0
284     16     0
270     30     0
249     46     5
211     83     6
157     130     13
114     150     36
73     159     68
49     147     104
35     115     150
26     86     188
24     39     237
21     18     261
21     5     274
21     2     277
21     1     278
21     0     279

game
299     1     0
298     2     0
296     4     0
292     8     0
285     14     1
271     28     1
250     47     3
216     75     9
181     90     29
144     108     48
112     115     73
93     95     112
86     57     157
82     36     182
77     23     200
76     10     214
76     1     223
76     0     224

game
299     1     0
298     2     0
296     4     0
292     8     0
285     14     1
273     24     3
256     37     7
233     49     18
199     75     26
159     96     45
130     92     78
110     85     105
96     69     135
86     47     167
78     34     188
77     17     206
77     3     220
77     0     223


game
299     1     0
298     2     0
296     4     0
292     8     0
284     16     0
269     30     1
243     55     2
202     89     9
158     122     20
106     146     48
73     143     84
59     119     122
50     85     165
43     62     195
40     31     229
40     9     251
40     5     255
40     3     257
40     0     260

game
299     1     0
298     2     0
296     4     0
292     8     0
285     15     0
272     27     1
248     50     2
212     81     7
168     111     21
115     151     34
78     149     73
59     123     118
49     81     170
44     41     215
43     26     231
42     13     245
42     4     254
42     0     258

game
299     1     0
298     2     0
296     4     0
292     8     0
284     16     0
269     31     0
246     52     2
209     86     5
160     118     22
107     149     44
75     143     82
57     116     127
49     81     170
45     43     212
44     23     233
44     7     249
44     1     255
44     0     256


game
299     1     0
298     2     0
296     4     0
292     8     0
284     16     0
269     31     0
242     57     1
197     98     5
138     149     13
81     183     36
48     179     73
30     138     132
24     95     181
24     48     228
24     20     256
24     7     269
24     3     273
24     0     276


game
299     1     0
298     2     0
296     4     0
292     8     0
285     15     0
271     29     0
247     48     5
210     83     7
167     112     21
116     144     40
75     162     63
49     150     101
37     118     145
29     82     189
25     50     225
24     21     255
24     4     272
24     2     274
24     1     275
24     0     276


game
299     1     0
298     2     0
296     4     0
292     8     0
284     16     0
269     30     1
246     50     4
209     81     10
169     102     29
130     112     58
103     98     99
89     72     139
80     55     165
77     31     192
75     9     216
75     4     221
75     0     225


game
299     1     0
298     2     0
296     4     0
293     7     0
287     13     0
275     25     0
253     46     1
216     81     3
164     130     6
110     172     18
56     204     40
26     192     82
17     144     139
15     93     192
14     52     234
13     14     273
13     4     283
13     1     286
13     0     287