game
29     1     0
28     2     0
26     4     0
23     6     1
18     10     2
13     13     4
8     15     7
6     12     12
6     7     17
6     2     22
6     0     24

game
29   1   0
28   2   0
26   4   0
23   7   0
18   10   2
12   13   5
10   8   12
10   3   17
10   0   20

game
29   1   0
28   2   0
26   4   0
23   6   1
18   11   1
14   12   4
10   14   6
7   11   12
2   14   14
2   8   20
2   4   24
2   1   27
2   0   28

game
29   1   0
28   2   0
26   4   0
25   4   1
22   6   2
18   8   4
15   6   9
12   6   12
8   8   14
6   6   18
6   2   22
6   0   24

game
29     1     0
28     2     0
26     4     0
26     3     1
26     2     2
26     0     4         