game
69   1   0
68   2   0
66   4   0
62   8   0
55   14   1
48   19   3
40   23   7
31   21   18
27   17   26
25   12   33
23   9   38
22   3   45
21   2   47
21   0   49

game
69   1   0
68   2   0
66   4   0
62   8   0
56   13   1
49   17   4
41   21   8
35   18   17
28   16   26
24   16   30
23   9   38
22   6   42
22   1   47
22   0   48

game
69   1   0
68   2   0
66   4   0
62   8   0
54   16   0
45   22   3
35   28   7
28   26   16
21   23   26
18   15   37
17   10   43
14   10   46
14   1   55
14   0   56

game
69   1   0
68   2   0
66   4   0
63   7   0
59   10   1
54   12   4
46   16   8
36   24   10
28   25   17
19   25   26
18   14   38
17   7   46
17   4   49
17   0   53


game
69   1   0
68   2   0
66   4   0
63   7   0
58   11   1
52   16   2
42   23   5
27   34   9
18   36   16
10   36   24
6   30   34
6   16   48
5   7   58
5   3   62
5   0   65

game
69   1   0
68   2   0
66   4   0
63   7   0
59   10   1
52   16   2
43   22   5
35   25   10
25   30   15
16   29   25
10   29   31
7   19   44
7   7   56
7   1   62
7   0   63

game
69   1   0
68   2   0
66   4   0
63   6   1
58   10   2
49   18   3
39   26   5
27   33   10
14   42   14
13   27   30
10   17   43
10   8   52
10   3   57
10   1   59
10   0   60

game
69   1   0
68   2   0
66   4   0
63   7   0
58   11   1
49   20   1
35   32   3
23   41   6
10   46   14
4   38   28
4   19   47
4   6   60
4   3   63
4   0   66